1 104.685198803
2 104.729669763
3 104.773679124
4 104.817226881
5 104.860313052
6 104.902937641
7 104.945100656
8 104.986802099
9 105.028041976
10 105.0688203
11 105.109137073
12 105.148992307
13 105.188386003
14 105.227318173
15 105.265788822
16 105.303797953
17 105.341345573
18 105.378431695
19 105.415056324
20 105.451219462
21 105.486921122
22 105.522161305
23 105.556940021
24 105.591257276
25 105.625113076
26 105.658507431
27 105.691440346
28 105.723911824
29 105.755921876
30 105.787470512
31 105.818557734
32 105.849183546
33 105.87934796
34 105.909050981
35 105.938292615
36 105.967072871
37 105.995391756
38 106.02324927
39 106.050645432
40 106.077580238
41 106.1040537
42 106.130065823
43 106.155616615
44 106.180706082
45 106.205334231
46 106.229501067
47 106.2532066
48 106.276450833
49 106.299233779
50 106.321555438
51 106.343415821
52 106.36481493
53 106.385752777
54 106.406229367
55 106.42624471
56 106.445798805
57 106.464891667
58 106.483523298
59 106.501693705
60 106.519402895
61 106.536650876
62 106.553437658
63 106.569763238
64 106.585627632
65 106.601030845
66 106.615972878
67 106.630453749
68 106.644473454
69 106.658032004
70 106.671129407
71 106.683765667
72 106.695940793
73 106.707654791
74 106.718907665
75 106.729699429
76 106.740030082
77 106.749899635
78 106.759308094
79 106.768255467
80 106.776741754
81 106.784766976
82 106.792331124
83 106.799434217
84 106.806076253
85 106.812257245
86 106.817977196
87 106.823236112
88 106.828034006
89 106.832370877
90 106.836246736
91 106.839661593
92 106.842615448
93 106.845108306
94 106.847140184
95 106.848711083
96 106.849821011
97 106.850469973
98 106.850657977
