1 0.0939038505303
2 0.0744148719461
3 0.0269196931797
4 0.0190826811265
5 -0.0604744908828
6 -0.0330175343647
7 -0.0371051782024
8 -0.0670912707209
9 -0.0844770009193
10 -0.103026613886
11 -0.052526425508
12 0.0140134954621
13 0.0246901982725
14 0.0947847724224
15 0.111408545456
16 0.128422044158
17 0.121090400511
18 0.124561860891
19 0.128215176678
20 0.141812609951
21 0.130552324291
22 0.140453933294
23 0.161905745456
24 0.119489297669
25 0.164545075253
26 0.128010789548
27 0.124149863068
28 0.141090013301
29 0.158425926669
30 0.12390310444
31 0.122635526861
32 0.133549077337
33 0.0892085538976
34 0.0871015296149
35 0.110240759918
36 0.0979978948586
37 0.121366515926
38 0.123543868345
39 0.0748882797885
40 0.0712590536869
41 0.0685982133432
42 0.077254577846
43 0.0867517160833
44 0.072810365263
45 0.0844893151891
46 0.0891617425021
47 0.119357978464
48 0.0900847910255
49 0.0854761133701
50 0.0698209746566
51 0.0636423669132
52 0.0717860020712
53 0.0576666137866
54 0.0438697375686
55 0.0361085131962
56 0.0629950161043
57 0.0369818428864
58 0.0691232281171
59 0.061319719425
60 0.0621392984008
61 0.0367011955535
62 0.0493837037679
63 0.0426316369778
64 0.028407847208
65 0.012897779914
66 0.00902299441787
67 0.010373681525
68 0.0221186353909
69 -0.00890903778249
70 0.0413399974093
71 0.0124765217238
72 0.0214320803004
73 0.0245136511537
74 0.0152134034496
75 0.0551612660062
76 0.0339471433971
77 0.03553119891
78 0.0356009733322
79 0.0355734926465
80 0.00638517141389
81 0.00316098876955
82 0.0127234655771
83 -0.00236044458916
84 0.0010986577276
85 0.0186090984578
86 -0.000802792437848
87 0.022141568709
88 0.0265326446618
89 0.0175752372657
90 0.0401318654765
91 0.042477141964
92 0.0159972677014
93 0.047352234626
94 0.0153317772946
95 0.0121088104199
96 -0.015115210874
97 0.0138565228085
98 0.00511211716228
